1 1919
7 10
18 20 21 913 916 923
28 29 1947
33 34 35 36 37 38 39 40 41 43 1676 1690 1704 1724 1744 1751 1763 1773 1780 1805 1824
64 65 66 67 68 71 73 74 75 77 78 79 80 81 85 86 87 90 91 1271 1615
76
92 93 94 95 96 97 98 99 100 101 102 105 252 253 254 255 256 437 712 713
106 107 108 109 110 111 112 113 116 117 121 125 128 137 138 139 140 148 154 155 159 817 1547
160 903
211 856
220 221
222
224 1490
226 1265
228 230 231 232 233 234 235 236 237 239 241 242 1669 1801 1818
243 245 1777 1786
249
257 258 259 260
261 262 263 264 266 267 269 270 271 272 276 277 278 1368
274 275
279 824 825
281 282 283 284 285 286 287
296 766 767 768 1931 1978
298 299 300 301
304
305 306 307
308 309 310 311 313 314 316 317 319 322 323 326 481 483
329 601 602 603 604 606 607 608 609 610 611 612 613 614 615 616 617 618 619 620
331 332 333 334 335 336 338 339 340 341 342 343 882 883 884 885 886 1255 1256 1257 1516 1534 1540 1584
344 345 346 347 348 875 876 1482 1561
357 358
359 861
361 362
371 621
372
373 374 375 376 377 378 380 381 388 1649
390 396
391
392
394 805
395
397 398
399 807
400 811 812
404
406 407
409 410 728 730
411
416
417 418
419 420 740 741 744 745 746
421
422 423 424 425
427 428 429
432 433
434 435 440
438
439
442 443 444
445 840 841 842
452 453 454 455
460
467
468 469
470 471 472 473
475 476 477 478 479
482
485 727
486
487 1692 1708 1747
497
498 499 500 501 561 562 563 564
515 516 517
518 519 521 522 529 530 531 532 534 544 547
520
523 524
525 535 539
526
527 549
533
536
538
542
550
551 552
555
556 557 558 559
560
568 569 570
575 576 577
580 581
592 593 594
596 597
599 755
600 718 719
623
626 753 754
627 628 629 630 631 1251 1252 1253 1497 1779
633 634 635 636 637 638 639 640 641 1731
642 808 809
646
648 773 774 775
651 652 877 878 879 880 881
656
657
658 659 1583
661 762 1907 1908
662 844 845
664
665 666 667
668
672 673 674 675
676 677 678 679 1363 1808
734
756
804
832 833 1375 1376 1377
864 865
937 938 939 940
945 946 964 965 966 967 969 970 971 972 973 974 985 986 1001 1728
961 962 963
984 1092 1093
987 988 989 990 991 992 993 994 995 996 997 998 999 1693
1023
1028
1056 1058 1062 1063 1064 1065 1066 1067 1068 1396
1107 1108 1109 1110 1111 1112 1113
1115 1399
1126 1129 1905 1924
1127 1128 1130
1142 1143
1156 1157
1267 1268 1269 1270 1354
1389 1407 1525
1402 1403
1433 1434 1435 1436 1437
1440
1459 1460 1461
1469
1481
1487 1488
1500
1507 1508
1514 1656
1519 1520 1521
1523
1551 1552
1596
1597
1610 1611
1658 1790
1662 1737 1787 1802 1823
1665 1668 1672 1677 1679 1689 1699 1703 1705 1706 1719 1732 1739 1753 1754 1756 1758 1760 1765 1784 1792 1797 1806 1816 1827
1667 1713
1670 1736
1674 1817
1678 1743 1770
1684
1686
1687
1688
1694
1696 1733
1697 1707
1698 1722 1749 1795 1826
1700
1714 1746 1807
1717 1766 1789
1720
1721 1726
1742
1748
1757
1772
1783 1791
1793
1794
1820
1913
1956 1957
