390 609
609 691
387 611
387 610
387 388
388 610
390 691
386 388
609 611
389 390
388 611
609 610
388 609
388 691
386 389
610 691
390 611
389 610
386 609
387 691
386 611
388 389
611 691
387 389
386 387
388 390
389 609
389 611
387 609
387 390
389 691
386 610
386 691
390 610
610 611
386 390
161 516
165 166
162 165
515 699
710 712
162 712
162 163
170 171
516 615
160 710
161 699
699 710
162 166
164 166
165 712
169 171
161 163
163 710
514 516
513 515
161 712
162 517
513 710
164 165
515 516
517 712
162 699
515 614
165 710
163 699
167 168
514 615
513 514
160 162
699 712
164 169
164 699
163 165
170 727
165 699
171 727
166 514
166 712
160 712
163 166
165 515
161 166
164 727
164 170
163 514
517 710
514 710
164 614
613 615
160 515
160 516
163 164
160 165
161 164
164 515
516 699
160 163
162 514
166 710
169 170
513 712
169 727
161 165
165 516
514 712
166 513
160 166
161 515
163 513
514 517
515 613
166 699
163 712
513 517
162 513
160 161
162 710
160 164
166 517
163 517
160 699
161 710
516 517
161 162
613 614
162 164
164 516
167 170
517 615
167 727
167 169
304 305
313 324
305 322
312 313
314 322
302 324
314 324
302 313
311 316
301 304
302 314
312 316
304 322
301 322
311 312
301 314
392 395
395 826
394 396
396 397
399 400
396 399
397 399
395 396
395 397
392 393
393 826
396 400
392 826
397 398
398 400
394 395
393 394
6 522
5 522
5 521
520 521
7 522
5 7
6 7
5 6
82 616
365 371
365 366
370 371
363 377
366 369
372 373
362 366
371 373
363 365
362 364
363 368
363 364
366 367
365 367
361 368
361 365
371 374
368 371
374 376
367 370
370 375
158 362
365 374
371 372
361 362
370 373
365 376
365 368
368 369
368 374
369 370
368 372
361 371
364 378
362 372
361 363
369 373
368 370
367 375
367 373
369 371
368 373
362 369
369 372
377 379
366 372
378 379
363 371
364 372
158 361
370 372
364 369
373 375
377 378
364 366
156 157
156 275
148 155
147 155
155 273
147 149
152 154
275 645
156 273
146 147
148 149
149 153
155 157
155 156
147 148
149 152
154 157
148 156
147 151
157 275
150 151
250 251
636 706
251 252
148 151
252 275
154 275
154 155
152 157
154 156
147 156
146 148
149 156
151 154
151 153
157 273
155 275
151 152
146 150
149 155
151 157
154 273
152 153
250 253
153 154
636 645
273 275
153 157
13 867
11 772
10 857
11 899
819 867
19 857
772 899
17 867
846 867
15 846
899 918
10 12
11 839
11 16
11 15
13 18
19 846
799 867
819 846
867 899
839 857
17 857
17 918
10 772
839 899
785 918
839 918
15 785
12 799
11 13
19 799
819 857
15 899
12 17
13 17
17 785
10 16
13 874
12 839
16 819
799 846
12 819
857 874
11 17
10 785
12 874
785 857
13 15
17 819
874 899
13 799
10 15
15 18
12 19
11 867
12 918
867 874
16 874
12 857
874 918
18 785
799 857
17 839
799 839
16 19
11 918
15 772
18 772
10 799
846 857
12 16
799 899
14 819
15 819
772 846
772 799
16 785
785 846
11 874
11 19
10 874
11 799
13 899
18 846
15 857
819 874
846 874
819 899
13 16
799 918
819 839
867 918
799 874
17 19
819 918
13 857
13 846
15 799
15 17
17 799
857 918
10 17
11 857
857 867
10 899
14 19
16 799
13 839
846 918
12 13
14 17
16 839
19 772
12 899
13 918
10 839
12 772
19 819
839 874
785 819
18 19
19 867
15 16
17 772
14 857
12 15
11 819
785 899
16 867
14 18
10 19
772 857
13 772
17 874
772 819
785 874
15 867
839 867
16 18
13 785
772 867
846 899
857 899
11 12
17 846
799 819
10 846
16 918
10 14
19 899
15 19
13 819
16 772
10 819
14 772
10 867
16 17
13 19
16 857
10 918
10 11
10 13
772 839
17 899
16 846
11 846
839 846
12 846
16 899
12 867
559 562
558 562
558 560
557 562
559 564
562 788
564 565
561 566
559 566
564 567
558 564
562 567
563 565
558 566
559 788
558 561
557 559
568 788
560 564
562 568
559 561
566 788
560 561
562 566
564 788
564 568
560 562
558 788
557 569
563 567
562 564
560 568
561 788
559 563
566 568
557 563
560 566
557 567
563 568
557 561
565 567
564 566
557 565
562 565
561 564
559 560
558 568
560 788
558 559
561 568
561 562
559 568
561 563
557 564
299 300
298 300
298 299
428 430
428 431
428 429
429 431
428 625
431 625
428 902
429 625
225 227
225 226
226 228
227 228
657 658
659 661
657 660
660 661
659 660
658 661
658 660
657 661
657 659
658 659
175 176
172 507
175 507
172 506
507 721
176 721
174 175
174 507
506 721
172 176
175 721
173 176
172 175
173 507
173 721
173 174
172 721
173 175
176 507
172 174
175 506
507 679
174 176
172 173
174 721
55 715
54 69
61 66
60 68
53 58
56 69
68 69
56 63
53 55
63 715
61 68
64 715
65 715
55 62
53 715
66 715
55 65
55 69
57 715
55 61
71 715
52 715
58 59
61 69
53 66
54 66
65 486
68 715
69 71
54 58
66 71
57 62
57 61
52 63
53 67
58 64
52 59
58 61
64 71
56 62
68 71
58 69
57 63
55 68
66 72
56 61
55 58
58 68
61 71
58 71
66 68
60 61
52 62
70 72
55 63
53 68
53 61
52 57
70 486
62 68
64 66
60 62
54 64
55 64
55 57
62 63
54 63
61 64
52 55
54 68
54 55
62 715
54 715
56 715
72 486
56 57
54 71
61 486
61 63
64 68
52 58
61 62
53 71
58 715
69 715
53 54
53 64
54 70
54 59
59 63
66 69
54 61
55 66
55 56
61 715
64 69
58 66
53 69
55 71
52 56
596 598
595 598
770 911
791 828
116 118
111 112
113 123
115 116
110 112
115 117
111 118
109 110
109 116
113 121
110 116
114 123
112 116
109 118
109 111
110 121
113 122
109 112
111 116
110 111
110 629
110 118
109 123
110 113
112 118
534 537
535 536
536 537
534 535
534 536
535 537
86 765
87 765
85 765
85 93
92 94
765 912
87 895
87 94
93 94
90 91
88 93
765 895
83 765
85 895
84 85
89 91
93 912
83 86
86 87
87 912
83 912
83 85
85 86
87 88
83 93
88 94
93 895
895 912
91 92
93 765
86 912
87 93
86 895
86 93
83 87
85 912
83 895
85 87
89 90
20 24
20 33
22 621
20 36
34 35
33 34
23 621
25 31
32 39
39 742
30 32
35 38
25 26
21 742
21 28
22 742
36 742
24 25
20 25
20 30
22 37
20 32
20 26
25 28
21 27
20 39
23 37
26 38
24 35
32 33
24 26
36 39
36 37
20 742
30 34
21 39
22 23
31 34
26 742
26 34
30 36
24 38
33 742
21 621
20 22
32 36
32 742
28 31
34 38
33 39
25 742
20 21
30 33
30 31
21 30
27 28
37 621
21 32
30 39
21 33
26 35
21 36
24 34
24 742
30 742
33 36
21 23
31 33
482 483
401 482
401 483
214 215
455 456
214 455
215 456
191 749
190 196
191 197
193 749
196 749
197 749
190 193
191 192
194 198
192 195
191 193
192 749
190 749
193 196
198 749
192 196
191 194
194 749
192 193
190 191
191 198
190 192
194 195
191 196
473 938
472 474
933 938
136 933
472 938
136 474
472 933
136 472
473 933
473 474
474 938
472 473
136 473
136 938
474 933
310 325
642 643
207 481
102 103
42 43
45 51
44 46
41 46
100 103
42 103
47 48
46 49
450 451
50 51
40 43
41 42
101 450
47 50
41 43
100 450
43 50
42 46
48 50
41 48
103 104
101 102
100 102
42 47
41 50
46 51
40 41
43 47
41 47
43 46
44 50
41 240
42 51
102 104
49 51
40 50
45 49
104 451
41 45
101 104
40 47
100 101
47 49
40 51
43 48
101 451
100 104
41 51
101 103
51 240
45 47
43 44
42 44
42 50
40 48
46 47
48 51
43 51
104 450
47 51
41 49
46 50
792 802
794 878
764 886
764 848
834 851
801 921
761 798
768 910
798 853
794 900
801 854
900 910
851 878
794 851
761 848
851 853
886 910
849 891
761 853
764 801
834 854
814 854
775 900
794 800
798 900
761 910
849 921
800 853
800 886
768 775
764 775
854 921
764 878
798 886
800 910
768 878
761 784
784 851
773 834
800 851
801 827
773 801
853 886
761 768
784 848
768 784
801 834
848 886
834 921
851 886
827 849
827 854
794 910
854 859
798 878
761 764
784 886
848 878
827 859
848 910
886 900
784 878
768 853
784 900
854 891
775 794
848 900
764 794
801 849
794 886
775 878
798 910
814 827
773 921
775 851
775 798
798 851
851 910
814 921
814 859
773 827
775 886
851 900
801 859
794 848
784 910
775 910
853 910
878 886
801 891
764 800
775 848
773 854
773 849
773 859
849 854
775 800
853 900
834 891
764 798
761 775
761 900
764 768
859 891
768 800
784 798
768 851
800 900
798 800
814 834
848 851
800 878
800 848
814 849
768 848
761 886
768 794
878 910
768 798
768 886
827 834
794 798
768 900
784 794
848 853
849 859
878 900
761 878
827 921
761 851
801 814
764 900
761 794
773 814
764 851
827 891
834 849
764 853
784 800
764 910
794 853
775 784
859 921
775 853
834 859
784 853
773 891
814 891
764 784
761 800
853 878
798 848
891 921
832 896
896 917
758 832
881 896
832 881
758 896
758 881
3 4
683 684
208 485
208 484
484 485
385 467
385 468
467 468
619 623
307 619
619 620
617 619
306 307
617 618
307 623
617 623
618 620
307 617
184 185
493 494
124 493
124 494
414 925
924 925
414 924
471 925
414 471
345 346
344 346
695 696
586 588
588 589
588 590
586 589
589 590
586 591
586 590
586 592
586 587
8 934
9 934
8 9
574 575
577 578
573 576
576 578
578 580
575 579
578 638
573 575
573 638
576 580
580 638
573 577
574 638
573 578
578 579
576 638
576 577
575 638
577 579
573 579
577 580
573 580
579 580
573 574
579 638
577 638
577 581
574 581
574 579
576 579
576 581
495 496
630 631
631 632
630 632
496 632
495 630
495 632
496 630
496 631
495 631
220 221
268 269
268 271
268 270
270 271
269 271
269 270
271 272
205 206
841 901
809 901
180 181
96 880
96 871
95 96
95 880
126 128
126 127
126 129
126 130
129 132
128 131
126 132
126 131
129 131
127 129
127 132
143 144
143 145
144 145
143 704
497 499
248 498
498 499
497 498
248 497
248 499
606 607
669 671
669 670
670 671
411 412
411 726
412 726
594 597
594 923
594 930
923 930
597 923
597 930
327 328
556 570
538 550
548 552
555 556
555 570
538 552
543 544
539 823
550 570
550 551
550 552
538 547
551 552
538 570
538 549
543 823
543 546
547 551
545 570
539 555
549 552
547 555
538 555
544 545
539 547
538 823
547 552
547 550
555 823
538 556
547 823
547 556
548 549
543 556
539 550
546 823
539 556
538 548
539 570
547 548
538 539
547 549
570 823
546 556
556 823
543 545
816 821
237 238
238 243
237 243
508 512
510 512
508 510
508 509
407 512
407 508
511 512
406 508
407 509
509 512
510 511
407 511
407 510
509 511
509 510
508 511
766 831
415 501
415 500
500 501
246 247
245 246
331 332
333 334
332 334
331 333
262 263
78 79
202 479
476 477
405 476
405 477
405 475
475 476
337 339
336 339
285 288
287 288
336 337
337 338
287 336
336 338
287 339
286 287
285 286
285 287
106 108
107 108
105 107
105 106
877 885
353 355
353 354
354 355
701 702
701 703
702 703
540 541
541 542
763 808
81 685
223 460
222 458
458 459
223 459
222 461
222 224
222 462
458 462
222 459
459 462
223 458
224 461
199 204
279 842
308 317
317 320
235 236
504 505
211 212
418 420
418 419
188 380
277 454
774 838
341 343
341 342
342 343
718 719
348 349
356 357
265 266
264 265
265 267
698 752
424 426
425 426
425 427
424 427
360 453
452 453
360 452
137 138
139 140
137 139
138 139
1 929
200 209
231 232
230 232
230 231
604 605
754 884
739 740
182 503
119 120
73 519
77 502
554 583
554 584
583 584
733 734
733 735
359 469
593 640
936 937
