1 929
3 4
5 6 7 520 521 522
8 9 934
20 21 22 23 24 25 26 27 28 30 31 32 33 34 35 36 37 38 39 742 621
40 41 42 43 44 45 46 47 48 49 50 51 450 451 100 101 102 103 104 240
52 53 54 55 56 57 58 59 60 61 62 63 64 65 66 67 68 69 70 71 72 715 486
73 519
77 502
78 79
81 685
96 880 871 95
105 106 107 108
109 110 111 112 113 114 115 116 629 118 117 121 122 123
120 119
124 493 494
128 129 130 131 132 126 127
137 138 139 140
144 145 704 143
158 361 362 363 364 365 366 367 368 369 370 371 372 373 374 375 376 377 378 379
180 181
182 503
184 185
192 193 194 195 196 197 198 749 190 191
200 209
202 479
204 199
205 206
208 484 485
211 212
220 221
224 458 459 460 461 462 222 223
225 226 227 228
232 230 231
235 236
243 237 238
245 246 247
248 497 498 499
262 263
264 265 266 267
268 269 270 271 272
277 454
288 336 337 338 339 285 286 287
298 299 300
320 308 317
322 324 301 302 304 305 311 312 313 314 316
325 310
328 327
331 332 333 334
341 342 343
344 345 346
348 349
353 354 355
356 357
360 452 453
380 188
385 467 468
392 393 394 395 396 397 398 399 400 826
401 482 483
411 412 726
418 419 420
424 425 426 427
456 215 214 455
469 359
475 476 477 405
481 207
495 496 630 631 632
500 501 415
504 505
512 406 407 508 509 510 511
513 514 515 516 517 160 161 162 163 164 165 166 167 168 169 170 171 699 710 712 727 613 614 615
536 537 534 535
540 541 542
544 545 546 547 548 549 550 551 552 555 556 538 823 570 539 543
567 557 558 559 560 561 562 563 564 788 566 565 568 569
576 577 578 579 580 581 574 573 638 575
584 554 583
586 587 588 589 590 591 592
595 596 598
604 605
606 607
609 610 611 388 389 390 387 386 691
616 82
617 618 619 620 623 306 307
640 593
642 643
645 273 146 275 147 148 149 151 152 153 154 155 156 157 150 706 252 250 251 636 253
657 658 659 660 661
669 670 671
679 172 173 174 175 176 721 506 507
683 684
696 695
701 702 703
718 719
733 734 735
739 740
752 698
754 884
765 912 83 84 85 86 87 88 89 90 91 92 93 94 895
766 831
768 900 773 775 910 784 921 794 798 800 801 814 827 834 848 849 851 853 854 859 878 886 761 891 764
770 911
792 802
808 763
816 821
828 791
832 896 881 917 758
838 774
841 901 809
842 279
885 877
899 772 10 11 12 13 14 15 16 17 18 785 19 918 799 819 839 846 857 867 874
902 428 429 430 431 625
924 925 414 471
930 594 923 597
933 136 938 472 473 474
936 937
