1 48 843 1018 1048 1360 1394 1414 1423 1468 1690 1717 1752 1780 1810 1811 1841 1842 1868 1899 1929 1932 1967 2000 2009 2030 2126 2357 2797 2886 3173 3208 3233 3742 3765 3767 3784 4059 4084
2 5 23 49 54 55 64 91 94 98 99 100 110 129 137 141 142 144 170 172 173 174 175 177 179 180 181 215 217 219 224 229 235 250 251 254 263 277 290 294 300 303 318 332 333 334 338 357 372 373 376 381 385 402 409 415 416 418 431 441 443 444 445 449 450 452 473 478 480 484 487 513 514 516 517 518 522 533 546 547 550 552 558 585 586 587 591 592 597 609 618 621 625 626 651 657 661 676 678 689 703 712 727 734 735 737 740 742 744 748 759 760 770 772 777 779 800 801 802 803 804 811 828 837 838 841 857 863 865 867 868 880 899 900 902 904 905 910 913 933 934 942 946 965 977 979 980 985 986 1005 1006 1007 1009 1011 1015 1028 1033 1035 1047 1058 1073 1089 1103 1108 1111 1112 1141 1146 1156 1169 1176 1183 1206 1207 1228 1235 1236 1237 1263 1265 1268 1281 1282 1283 1302 1303 1308 1309 1322 1328 1330 1331 1333 1335 1336 1338 1341 1351 1352 1356 1357 1358 1361 1366 1380 1405 1408 1427 1446 1447 1451 1454 1456 1459 1465 1469 1483 1485 1489 1491 1498 1499 1516 1517 1522 1526 1532 1542 1543 1544 1545 1547 1554 1556 1573 1574 1579 1600 1601 1603 1604 1605 1655 1658 1682 1694 1703 1704 1708 1709 1710 1721 1735 1738 1740 1741 1743 1746 1771 1772 1774 1802 1805 1829 1830 1859 1867 1894 1921 1923 1924 1957 1958 1959 1960 1973 1997 1999 2025 2042 2055 2058 2063 2087 2091 2111 2132 2145 2151 2163 2181 2183 2212 2215 2229 2251 2266 2290 2291 2292 2293 2294 2301 2321 2322 2325 2328 2330 2349 2350 2351 2352 2353 2356 2358 2359 2390 2391 2394 2395 2396 2397 2398 2432 2433 2434 2438 2439 2440 2441 2462 2463 2464 2468 2469 2470 2471 2472 2503 2530 2532 2534 2535 2538 2563 2567 2568 2573 2590 2592 2594 2601 2634 2635 2639 2664 2665 2669 2674 2693 2700 2701 2703 2705 2707 2729 2732 2734 2737 2767 2768 2769 2784 2792 2795 2820 2827 2846 2853 2855 2857 2858 2879 2881 2882 2883 2902 2909 2910 2915 2916 2935 2941 2943 2961 2968 2971 2972 2973 2975 3010 3013 3017 3046 3048 3051 3055 3090 3091 3092 3096 3115 3121 3122 3123 3134 3144 3150 3151 3152 3174 3196 3210 3214 3215 3219 3232 3238 3244 3287 3296 3306 3311 3436 3437 3461 3504 3514 3516 3530 3535 3542 3549 3553 3555 3559 3562 3564 3565 3568 3577 3582 3583 3584 3585 3586 3587 3589 3593 3602 3613 3616 3618 3620 3621 3623 3625 3633 3642 3670 3674 3678 3685 3686 3697 3712 3717 3720 3721 3735 3736 3739 3740 3746 3753 3755 3758 3759 3768 3781 3792 3805 3812 3823 3831 3848 3861 3879 3884 3893 3894 3895 3913 3918 3923 3927 3929 3932 3933 3935 3941 3943 3966 3968 3988 3997 4021 4024 4040 4045 4047 4071 4124 4151 4171 4201 4207 4214 4233 4244 4253 4254 4256 4261 4266 4284 4290 4294 4302 4325 4334 4360 4411 4415 4424 4428 4444 4545 4564 4596 4617
3 29 50 97 103 119 139 149 169 176 192 211 226 231 247 267 293 297 313 329 347 375 390 425 440 460 490 553 627 636 664 682 736 787 816 819 835 878 906 917 919 947 1016 1050 1124 1126 1127 1133 1159 1175 1189 1194 1211 1248 1319 1370 1400 1426 1467 1500 1503 1506 1521 1596 1599 1662 1701 1799 2068 2073 2190 2367 2541 2565 2593 2683 2730 2736 2749 2771 2801 2826 2830 2866 2907 2992 3026 3050 3098 3112 3130 3132 3155 3161 3175 3189 3193 3280 3289 3292 3314 3319 3321 3328 3332 3335 3337 3338 3339 3344 3348 3357 3366 3379 3383 3384 3385 3386 3387 3388 3389 3393 3395 3396 3397 3398 3401 3402 3416 3425 3426 3431 3432 3435 3483 3484 3489 3490 3492 3498 3499 3500 3501 3503 3529 3532 3534 3541 3543 3546 3548 3550 3551 3576 3592 3645 3647 3667 3693 3705 3718 3745 3748 3842
4 53 96 588 619 652 3320 3327
6 56 1147 1181
7 104 185 255 292 378 482 590 659 701 1372 2086 2403 2914 2944 2979 3052 3127 3874
8 1041 1076 1109 3412
9
10 2114
11
12
13 1051 1347 1396 1614 1715 1864 1897 2607 2673 2824 3154 3243
14
15 653 684 1365 2295 2575 2913
16 60 106 557 2299 2646 2680 2862
17 59 145 182 220 258 911 1836 2504 2742 3156 3180 3216 3826 3846 3859 3862 3883 3888
18 28 66 111 306 341 813 915 949 1121 1153 1154 1285 1288 1314 1343 1369 1611 2034 2579 2580 2603 2648 2948 2949 2982 3021 3064 3131 3242 3822 3838
19 1533 2120 2642 3731
20 2069
21 3185 3221 4115 4176 4179
22 2892
24 340 344 1122 2040
25 37 78 123 155 158 194 198 230 271 309 345 389 424 927 1026 1088 1094 1373 1403 1476 1534 1645 1722 1943 1971 2078 2099 2101 2127 2129 2158 2271 2336 2372 2411 2511 2548 2551 2583 2608 2611 2649 2650 2715 2752 2754 2954 2985 3029 3032 3109 3165 3251 4150 4272 4425
26 595
27 3245 3747
30 120 154 193 227 273 310 637 850 957 995 1024 1292 1559 1665 2613 2721 2786 2807 2836 2867 2986 3024 3068 3103 3162 3186 3270 3830 3845 3924 4099 4318 4337 4359 4367 4370 4377 4401 4465 4517
31 32 71 72 117 118 122 153 156 195 199 233 269 270 311 354 720 924 1091 1131 1161 1163 1190 1220 1222 1246 1273 1320 1474 1475 1478 1507 1508 1536 1880 1941 2484 2512 2546 2585 2615 2656 2689 2718 2757 2785 2806 2898 2925 3225 3247 4169 4236 4265 4281 4283 4286 4297
33 76 157 3865 3900
34 353 1817 2270 2307 3345 3454 4172
35 1910 2373 2926 4033 4070
36 528 789 2376 2759 3867 3870 3926 4089
38 41 81 125 675 699 757 758 1000 1027 1063 1134 1136 1140 1723 1758 1786 1882 1883 1914 1948 1949 1985 1986 2050 2081 2133 2165 2244 2276 2381 2420 2516 2555 2622 2659 2692 2724 2763 3143 4316 4511 4519 4522 4523 4526 4528 4529 4530 4534 4554 4580 4585 4586 4615 4640 4648 4651 4667 4678 4698 4711 4721
39
40 161 501 638 826 888
42 128 204 238 319 396 434 466 1101 2520 2625 2929 2996 4467
43 1650
44 85 131 164 208 240 398
45 469 506 539 795 3081
46
47
51
52
57
58 298 335 410 1044 1080 1209 1425 1463 1501 1528 1549 1578 1632 1659 1712 1747 1775 2399 2599 2638 2675 2709 2738 2741 2778 2794 2800 2821 3008 3580 3608 3626 3644 3649 3651 3653 3658 3669 3672 3679
61
62 1311 1317 2222 2258
63 107 188
65 115 152 1900 1931 1969
67
68 563 1291 1612 1968 3097 3129 3743 3764 4110
69 632 669 691 722 753 785 815 845 1056 1585 2616 2947 3022 3069 3101 3158 3192
70 116 232 268 2012 2043
73 633 849 953 988 989 991 1092 1129 1247 1641 1756 2097 2302 2335 2450 2485 2586 2587 2610 2653 2655 2687 2716 2758 3790 3794 3795 3802 3803 3810 3818 3825 3949 4000 4072 4078 4083 4087 4090 4096 4097 4098 4100 4101 4102 4103 4107 4109 4111 4144 4164
74 1436 1875 1939 4232
75 160 3072 3106 3138 3197 3226 3248 3909
77
79 124 126 276 356 392 394 430 462 495 641 1623 2553 2624 2958 4192 4215 4219 4229
80 2369
82 127 162 4308 4309 4312
83 133 165 320 359 397 435 611 858 929 1029 1569 1625 1653 1676 1698 1731 1764 1795 1853 1886 1916 1951 1991 2019 2051 2083 2106 2137 2138 2139 2169 2170 2173 2204 2277 2282 2317 2346 2387 2962 2997 3036 3080 3168 3206 3229 3256 3264 3304 3312 3358 3369 3374 3405 3486 3502 3892 4145 4170 4270 4277 4292 4327 4391 4397 4417 4448 4451 4459 4462 4466 4471 4481 4482 4495 4498 4501 4502 4504 4506 4508 4514 4525 4532 4537 4538 4539 4542 4547 4556 4560 4562 4572 4574 4583 4593 4595 4600 4621 4628 4635 4639 4650 4657 4679 4687 4700 4727
84 130 1539 1565 3034 3255 4203 4234 4267 4271 4305 4339 4343
86
87
88
89 302
90 168 210 243 244 284 285 325 438 439 470 543 648 796 797 809 834 972 1032 1034 1069 1070 1105 1142 1257 1299 1413 1450 1595 1702 1736 1855 1888 1889 1890 1918 1919 1922 1954 1955 1993 1994 2289 2320 2347 2631 2727 2728 2766 2905 2937 2966 2967 3044 3125 3172 3207 3547
92 3590
93 1234
95 1110 1495 1831 2254 2702 2817 2851 2852 3533 3605
101 252 1337 1359 1420 1422 1462 1496 1523 1524 1551 1575 1606 1657 1683 1742 1833 1861 1925 1956 2326 2570
102 1340 1362
105 1779
108 150 187 1085 1898 1970 2004 2366 4065 4154
109 186 264 343 422 489
112
113
114
121 140 746 1531 1555 1839 2157 2193 2223 2235 2264 2268 2300 2337 2382 3066 3105 3164 3872
132 166 207 239 1487 1541 1593 1627 1652 1677 3481 3482 4737 4747 4759 4762 4766 4770 4787
134 643 1298 4908
135
136
138 582 1233 1258 1259 1329 1858 2877 2906 2933 3209
143 225 245 286 289 555 616 1598 3241 3538 3828
146 331 374
147
148 221 301 382 481
151 1187
159 200 697 1406 1444 1482 2275 2310 2990 3142 3955 3969 3972 3980 3984 3991 3992 3994 3998 4002 4004 4007 4016 4017 4019 4032 4042 4296
163 730 3421 3422
167
171 260 544 706 862 982 1150 1186 1260 1525 1546 1552 1577 1634 1660 3433 3434
178
183
184 336 383 417 419 451 483 485 711 1218 1219 1244 1368 1751 1816 1936 2246 2891 3020 3159
189 2071 2098
190 191 423 782 817 847 875 920 2582 3223 3722
196 2922
197
201 228 275 505 537 577 613 646 667 990 1587 1588 1618 1908 1934 2045 2375 2761 2869 4240 4350 4606 4827
202 1167 1670 4419 4430
203 237 279 316 2241 2720 2755
205
206
209
212 1037 2142 2177 2211 2564
213 799 1081 1149 1185 2641
214
216
218
222 1118 1212 1494 1928 1962 2442 2474 2679 3629
223
234 393 1510 1621 2621 4058
236
241
242 283 830 1992 4998 5002 5004
246
248
249 287 1284 1310 1332 1363 2776 2850 2859 2885 2888 3006 3359 3360 3371 3375 3407 3540 3603 3606 3637 3675 3680
253 738 1801 2856 3619 3661 3668
256 299 707 1045 1364 1395 1748 2600
257
259 2031 2061 2094 2116 2155
261 3367 3368 3694
262
265 2713 2748 2919 2945 2980 4001
266 308
272 668
274 350 458 459 491 492 527 567 568 670 1691 2160 2483 2547 2756 3194 3855 3873 3878 3889
278 1100 2105 2274 2312 2343 4076 4127 4133 4158 4237 4282
280 892 931 935 966 4533 4610
281
282 323 362 400 2024 2248 2287 2318 4636 4644 4662 4677 4887 4894 4902 4911 4921 4937 4939 4944
288 623 1412 1497 1800 1832 1865 1961 2005 2038 2572 3147 3177
291 330 368 405 442 475 515 548 584 620 654 705 1631
295 377 3240
296 1550 1608 1684
304
305 775 987 1010 1213 1685 1714 1749 1807 1835 1863 1930 2032 2062 2093 2147 2225 2363 2976 2978 3018 3056 3058 3060 3061 3094 3095 3126 3157 3181 3684 3689 3691
307 384 426 4152
312 348 379 412 1125 1158 1188 1215 1271 1906 1940 1976 2015 2033 2067 2092 2118 2146 2187 2219 2263 4012
314 529 566 956 2076 2957 2987 3025 3070 4269 4306 4354
315
317
321
322 360 399 436 1383 1410 1448 1486 1624 1648 2521 2694 2725 2764
324 4204 4248 4288
326 2848
327
328 366 367 401 766 976 1354 1387 1458 1520 1572 1597 1769 1892 2179 2213 2252 2908 2934 2970 3531
337 387
339 1120 1152
342 4035
346 388 2798 2822 2860 2887 2912 2939 3476 3477 3478 3480 3652
349
351 429
352 4050
355
358 395 575 607 640 673 698 960 996 1025 1062 1096 1443 2082 2166 2201 2341 2416 2422 2459 2490 2522 2995 3946 3956 3970 3971 4006 4014 4088 4125 4148 4156 4178 4245 4364 4369 4404 4406
361 3204 4882 4892
363
364
365
369 370 403 474 511 545 2088
371
380
386
391
404
406
407
408 832 4091
411 446 479 519 554 589 624 741
413 660 687
414
420 456 488 559 594 631 663 690 716 749 781 818 846 3699
421
427 493 820 1753 1781 2654 2657 2688 2722 2751 2804 2834
428 569 724 2102 3920
432 463 497 571 997 1509 1538 1590 1620 1644 1667 1725 1759 1787 1819 1849 1881 1909 1946 1981 2959 3033 3983 3996 4023
433 2136 2240
437
447
448
453
454 486 1583 1838 1965 3160
455 1157 3708
457 1053
461 890 936 1059 1942 2519 2897 3027 3931
464 1788 1820 2415
465 2584
467
468
471
472
476 512 1301
477
494
496
498 531 1950 2278 2308 4061 4063 4105 4260
499 2047
500 532 574 604 4320 4321
502
503
504 535 576 610 790 1325 1987 4079 4119 4293 4295 4313 4319 4322 4341 4342
507
508
509 1202 1231 3639 3655
510
520
521 556 1530 3664
523 1346 1505 2074 3062
524 993 2303
525
526 1093 1535 1616 1664 2614 2787 3860
530 1789
534 889 930 964 1327 1484 1696 1729 1761 4226 4251
536 677 1381 1409 1850 2281 4781 4794
538
540
541
542 581
549 2059
551 3614 3630
560 1270
561
562
564 599
565 598
570
572 3075 3111
573
578
579
580 614 647 679 1513 3299 4755
583
593 628 3408 3409
596 1870
600 1160 1435 1472 1504 1586 2605
601 2039 2513 3108 3133 3936
602
603 639 672 1349 2955
605 1315
606
608
612
615 1416 1488
617 650 681 2324 2668
622 655 683 708 739 839 1424 1502 2027 3634
629 662 3695
630
634
635 671 692 715 751
642
644
645
649 1893
656 2505 2539 2577
658
665 1243 2446 2894
666
674 1984 2342 2457 2517 2623 3354 3471 4116 4191
680 1264 2704 3176
685 776 1019 1052 1082 1113 1266 1267 1686 1777 1803 2393 2444 3014 3218 3372 3377 3399 3428 3472 3473 3485 3594 3604 3607 3609 3610 3611 3615 3624 3628
686 2066 2189 2224 2265 3772
688 1837 2946 2981
693 825 1877
694 723 1249 1563
695 718 1401 1437
696 725 1061 1195 1442 2414 2871 2923 2956 3140 3353 3925 3951 3961 3962 3976 3978 3999 4008 4010 4018 4025 4036 4044 4049 4068
700 1293 1382 1763 2052 2875 2901 3035
702 941
704
709
710
713
714 783 814 874 1558
717
719 731 1065 1398 1449 1480 1927 1964 2194 2243 2344
721 2924 2953
726 756 791 1064 1226 2200 2456 2658 2691 4168 4174 4211
728 4536
729 761 794
732 762
733 765 798 3003
743 812 876 951 1023 1099
745
747
750
752 2233 2269
754 1402 1844 1878 2454
755 821
763 2528 3507
764 864
767
768 1083 2401 2500 2537 2637 2677 2708 2739 2802
769 2112
771 1392 2569
773 2676
774 1078 1582 2329 2364 2672 2796 2819
778
780 2750 2781 2950
784
786 2723
788 824 851 879 923 954 3298 3323 3326
792 2314
793
805 909 2571 3429 3474 3475
806 1963 2007 2037 2065 2095 2117 2148 2186 2218 2884 3662 3677 3696 3711 3713 3715 3716 3732 3734 3737 3750 3766 3769 3785 3786 3816 3820 3837 3844 3871
807 877 922
808
810
822
823 3288
827 853 2488 2993 4157
829 1229 1253 1277 1852 2140 2174 2560 2626 2661 2789 2812 2844 2876 4630
831
833
836
840 866 907 944 2392 3714
842
844 1434 1718 1720 1866 2150 2188 2368 2404 2643 2678 2712 3184 3220
848 2983 2984
852 1012 3167 3449
854 885 1884 1915
855
856 2518
859 1540 1567 1592 1626 1651 1674 1699 1732 1765
860
861 897 939 1680 2249 2288 2319
869
870
871 1933 2125 2331 2829
872 2864
873 2760
881 1097 1224 1251 2808
882 925
883 1196 2379 2418 2455
884 1225 1295 2385 4259
886 928 4372
887
891
893 938 968 1825 2524 4689 4733 4753
894 969 1030 2316
895 2022 2175 2494 4895
896
898
901
903
908 2772 3569
912 945 974 1638 1663 1687 2255 2828 2863
914 3183
916 1966 2008 2476
918 1086 1087 1128 2803 2895
921 952 992 1014 1057 3788 3821
926
932 2135 2168 4456
937
940
943
948 2604
950
955 1617 1642
958 2870
959 1912 4332
961
962
963 999 1139 3295 4213 4221 4228 4258
967
970 1001
971
973
975
978 1262
981
983
984
994
998 1250 1537 1562 1589 1619 1643 1666 2104 2131 2197 2238 2305
1002 2428 2461 3043 4972 4983 4985
1003 1072 1145 1174 1630 1656 1706 1995
1004
1008 1043 1074 1107 1182 1208 1744 2731
1013 1049 3850 3858
1017 1055 2921 3102 3741
1020
1021
1022 2410 2452 3136 3163 3191 3250 3930 3938 4062
1031
1036 1773 3521
1038
1039
1040 1075 1388 3445 3446
1042 1461 3007 3049 3087
1046 3520
1054 1689
1060 1901 1937 2920 2951
1066 2108
1067
1068
1071
1077
1079 1339 1393 1998
1084
1090 2075
1095 1132 1223 1274 1757 1785 1847 1907 1945 2017 2618 3073 3139 3682 3756 3761 3770 3774 3775 3776 3782 3797 3800 3915 3922 4011 4015 4352 4409
1098 1192 1812 1944 1977 2016 2619
1102 2279
1104
1106
1114 2354
1115 1117
1116 1466
1119 3057
1123
1130 1938 1975 2409 3067
1135 3318 3325 3331 3334 3336
1137
1138 1168 1823 2489 3076
1143 2348 2529
1144
1148 1636 2400
1151
1155
1162 1511 2198 2273 2304 2306 2338 2339 2412 2487 2510 2552 2588 2609 2652 2685 2714 2745 4230 4310 4432
1164 2044
1165 1374 3107
1166 1379 1564 1980 2046 3349 3350 3351 3423 3424
1170
1171 1199 4355 4362 4375 4392 4418 4420 4426
1172 5011
1173
1177
1178
1179
1180
1184 1210 2002
1191
1193 1221
1197
1198 1227 2013
1200 3403
1201
1203
1204 1857
1205
1214 1241 1287 2445 3688 3692 3700 3710
1216 1904
1217 1688 1754 1782 1814 1843 1871 1873 2178 2581 3213 3723 3738 3749 3806 3841 3851 3868 3880 3979 3987
1230
1232
1238 1239
1240 2651
1242 1269
1245 2100
1252
1254
1255
1256
1261 1304 2406 2633 2698 2890 3544
1272
1275
1276
1278
1279
1280
1286 1342 2260 2298 2918
1289
1290
1294
1296
1297
1300 2176
1305
1306
1307
1312
1313 3016
1316
1318
1321 2332 2413 3110
1323 1350 1378 1407
1324 1481 4112 4146
1326
1334 1421
1344
1345 1375
1348
1353
1355
1367
1371 1438 1473
1376 1440 2550
1377
1384 3169
1385 3004
1386
1389 2911
1390
1391 1429 1457 2790 2818 3536
1397 2938
1399 1431
1404 1441 1479 4227
1411
1415
1417
1418
1419
1428 1470 2089 3690 3807
1430
1432
1433
1439
1445
1452
1453
1455
1460 2253
1464 1713 1745 2003 2036 2823
1471
1477
1490
1492 2969
1493
1512
1514
1515
1518
1519
1527
1529 3840
1548 1576 1602 1711 2113 2670
1553 1581
1557
1560 2192 2234 2267
1561 2453
1566 1591
1568
1570
1571
1580
1584 1615 1640 2753 2783 2805 2833 3787 3804 3814 3817 3833 3839 3853 3875 3890 3910
1594 1794 2020 3117
1607 1609 1635 2578
1610
1613 2682 2747
1622 1947 1983 2018 2049 3876 3916 4055 4118 4160 4161 4175
1628
1629
1633 2029 3011
1637 3237 3539 3578 3673
1639
1646 1672 1695 1792 1822 3253 3308
1647
1649
1654
1661
1668
1669 1692 1726 1760 1790 1821
1671 2994 3078 4206 4208 4225
1673 3203 3267 3268
1675
1678 3118
1679
1681
1693 1728
1697 1730 1762 1793
1700
1705
1707
1716 3427
1719 3187
1724
1727
1733
1734 3277
1737
1739
1750 1778
1755 2119
1766
1767
1768
1770
1776
1783 1815 3591
1784
1791 3355 3390 4183 4187 4194 4195 4202
1796
1797
1798
1804
1806
1808
1809
1813
1818 1848 2989 3031 4509
1824 4438
1826
1827
1828
1834 2536 2597 3657
1840 1869
1845 2196
1846 2617
1851 2523 4458 4690 4702
1854
1856
1860
1862
1872 1903
1874 1911
1876 3864
1879 2237
1885 2660
1887
1891
1895
1896
1902 1935 1972 2010 2443 2475 2506 2542
1905 1974 2230 2825
1913 2991 3113
1917
1920
1926
1952
1953
1978
1979
1982
1988
1989
1990 2931 2964 2998 3000 3037 3038 3082 4694 4730
1996
2001
2006 2070 2096 2122 2153 2231 2405 2479 3128 3260 3361 3455 3456 3470
2011
2014 2041
2021 2207 2286 2345 2492 2526 2559 4500 4510
2023 2054
2026
2028
2035 3773
2048 2161
2053 2085 2109 2171 2206 2315
2056
2057
2060 2090
2064 2115 2362
2072
2077 2103
2079
2080 2134 2202 2280 2313 2810 2841 2874 2900 2927 3417 3418 3419 4173
2084 2930
2107 2167 2203
2110 3041 3230 3258
2121 2746
2123
2124 2152 3063
2128 2952
2130
2141 2210 2632 2666 2697
2143 2184 2216 2262
2144 2256 3563 3575
2149
2154
2156 2780 2799 3989
2159
2162 2272 2309 2377
2164
2172
2180
2182
2185 2217 2221 2257 2296 4335
2191
2195
2199
2205
2208 2285 4864 4875
2209
2214
2220
2226 3019
2227
2228
2232 2896
2236
2239 2311 2340 2378 2417 4117 4123 4126 4128 4129 4132 4134 4135 4136 4139 4142 4238 4323 4344 4371 4373 4374 4376 4378 4379 4380 4382 4383 4384 4385 4386 4388 4389 4390 4393 4396 4398 4402 4408 4707
2242
2245
2247
2250
2259 2261
2283 2383 2491 2525 2558 3079 4190 4247 4299 4437 4503 4527 4660 4857 4901
2284
2297
2323 2355
2327 2361
2333 2370 2451 2481
2334
2360
2365
2371
2374
2380
2384 2843
2386
2388
2389 2437 2465 2498
2402
2407
2408
2419
2421
2423
2424
2425 2486
2426
2427
2429
2430
2431
2435
2436
2447
2448 2480 4003
2449
2458
2460
2466
2467
2473 2515
2477 2507 2543
2478 3702
2482 3224
2493
2495 2527 2561 2591 2629 2662 4549 4552 4557 4559 4561 4563 4565 4566 4568 4569 4570 4571 4573 4575 4577 4578 4579 4581 4582 4584 4587 4588 4591 4592 4599 4601 4602 4603 4604 4609 4611 4612 4613 4614 4618 4620 4622 4624 4625 4627 4629 4631 4632 4633 4634 4638 4641 4642 4643 4645 4646 4647 4652 4653 4654 4655 4656 4665 4670 4675 4676 4710 4717 4718 4722
2496
2497 2663 3271 3341 4898 4903 4915 4917 4919 4936 4942
2499
2501 3239
2502 3410 3411 3450 3451 3452 3453 3491
2508 2544
2509
2514
2531
2533
2540 3640 3660 3676
2545
2549
2554 2589 2620 4009 4020 4028 4060
2556
2557 2627 2788 2963 2999 3039 3116 3170 3171 3257 3315 3330 3448 3457 3458 3459 3460 3462 3463 3464 3465 3466 3467 3469
2562
2566
2574 2977
2576 2640 3687 3701
2595 2936
2596
2598
2602 2942 3015 3059 3093
2606 3698
2612 4217
2628
2630 2814
2636 2667
2644 4056
2645
2647
2671 2710 2774 2791 2861
2681
2684 2782
2686
2690 2719 2762 3198 4086 4092 4108 4155 4159 4177 4181 4184 4186 4199 4405 4443 4450 4452 4460 4480 4492
2695
2696 4046
2699
2706 2775
2711
2717
2726
2733
2735 2770 2793 2816 3703
2740
2743
2744
2765
2773
2777
2779
2809
2811
2813
2815
2831
2832
2835
2837
2838
2839 2868
2840 2873 2928 2960 4431
2842
2845
2847
2849 2889 2917 2940 3622
2854
2865 4162
2872
2878
2880
2893 3420 3921 3945 3977
2899
2903
2904
2932
2965
2974
2988 3030 3074
3001
3002 3040 3042 3084 4904 4905 4941
3005 3047
3009
3012
3023
3028 3071 4347
3045
3053
3054
3065 3099
3077
3083
3085
3086
3088
3089
3100
3104
3114
3119
3120
3124
3135
3137 4149
3141 3166 3199 3228
3145
3146
3148
3149
3153
3178
3179
3182
3188
3190
3195
3200
3201
3202
3205
3211
3212
3217
3222
3227 4165
3231
3234
3235
3236
3246
3249 4241
3252
3254
3259
3261
3262 4268 4274 4275 4280 4311 4314 4317 4326 4329 4333 4338 4356 4363 4368
3263 3313
3265 3316
3266
3269 3317
3272 3302 5000
3273 4842 4855 4856 4890
3274
3275
3276 3928 3958
3278 4967 4975
3279
3281
3282
3283
3284
3285
3286
3290
3291
3293
3294 4977
3297
3300
3301
3303
3305
3307
3309
3310 3324
3322
3329 3333
3340
3342
3343
3346 4862 4872 4874
3347
3352 4005
3356
3362 3363
3364 3373 4836
3365
3370
3376
3378
3380
3381
3382
3391
3392
3394
3400
3404
3406 4693 4708
3413
3414
3415 3493 3494 3495 3496 3497
3430
3438 3439 3440 3441 3442 3443
3444 3488
3447
3468
3479
3487
3505
3506 3510 3515 3567 3638
3508 3513 3566 3581 3648
3509
3511
3512 3601
3517 3561 3595 3596 3600 3632
3518
3519 3528
3522
3523
3524 3525
3526
3527
3537
3545
3552
3554
3556
3557
3558
3560
3570
3571
3572
3573
3574
3579 3598
3588
3597
3599 3744
3612
3617
3627 3869 3881 3896
3631
3635
3636
3641
3643
3646 3665
3650
3654
3656
3659
3663
3666
3671
3681 3683
3704
3706
3707
3709
3719
3724 3726
3725
3727
3728 3824 3912
3729
3730 3733 3752
3751
3754
3757 3809
3760
3762 3836
3763 3777 3843
3771
3778
3779
3780
3783
3789
3791 3815
3793
3796
3798
3799
3801
3808
3811
3813
3819
3827
3829
3832 3852
3834
3835 3887 3891 3897 3908 3954 4029 4189
3847 3866
3849
3854
3856
3857
3863
3877
3882
3885
3886
3898
3899
3901
3902
3903
3904
3905
3906 4064
3907
3911
3914
3917
3919
3934 4461
3937
3939
3940
3942
3944 3948 3973
3947 3957
3950
3952
3953 4413 4455
3959
3960
3963
3964
3965
3967 4030 4031
3974
3975
3981
3982
3985
3986
3990
3993 4057 4069 4073 4077 4104
3995 4037
4013
4022
4026
4027
4034
4038
4039
4041
4043
4048 4081
4051
4052
4053
4054
4066
4067
4074
4075
4080
4082
4085
4093
4094
4095
4106
4113 4121 4122 4131
4114
4120 4301 4490 4499
4130
4137
4138 4141 4147
4140
4143 4163 4210 4249
4153
4166
4167
4180
4182
4185
4188
4193
4196 4276
4197
4198 4649
4200
4205
4209 4212 4222 4224
4216
4218
4220 4243 4273 4285
4223
4231
4235
4239
4242
4246 4289
4250
4252
4255
4257 4262
4263 4692
4264 4291 4516 4597 4623 4659 4668 4684 4688 4691 4712 4714 4715 4728 4732 4760
4278
4279
4287 4300 4303 4307
4298
4304
4315 4324
4328
4330
4331
4336 4340 4346
4345
4348
4349
4351
4353
4357 4361
4358
4365
4366 4434
4381
4387 4395
4394
4399
4400
4403
4407 4725 4740 4757 4767 4768 4773 4775 4778 4780 4783 4786 4788 4790 4792 4793 4796 4797 4798 4799 4800 4802 4803 4804 4805 4806 4808 4809 4810 4811 4812 4813 4814 4815 4816 4817 4818 4819 4820 4822 4823 4824 4828 4829 4830 4831 4832 4834 4835 4837 4838 4839 4841 4843 4847 4851 4852 4853 4860 4861 4863 4913 4914 4916 4918 4920 4922 4923 4931 4932 4934 4948 4951 4952 4953 4954 4955 4957 4958 4961
4410
4412
4414 4416 4421
4422 4464 4468 4473 4474 4485 4535 4540 4541 4548 4553 4567 4576 4673 4701
4423 4442
4427
4429
4433
4435
4436
4439
4440
4441
4445 4886 4950
4446
4447
4449
4453
4454
4457
4463 4469
4470
4472
4475 4476 4478
4477
4479
4483
4484
4486
4487
4488
4489
4491
4493 4494 4496 4497 4512 4513 4515 4524
4505
4507
4518
4520
4521
4531
4543
4544
4546
4550
4551
4555
4558 4669
4589
4590
4594
4598
4605 4607 4671 4682 4697 4699 4703 4705 4706 4960
4608
4616
4619
4626
4637
4658 4674 4683 4686 4704 4716
4661
4663
4664
4666
4672
4680
4681
4685
4695
4696
4709
4713
4719
4720 4731
4723
4724
4726 4789
4729
4734
4735 4769 4771 4774 4776 4777 4785
4736
4738
4739 4749 4765
4741
4742 4744 4746 4748 4750 4751 4752 4754 4756 4758 4761
4743
4745
4763 4764 4772 4833 4840 4844 4846 4849
4779
4782
4784
4791
4795 4907
4801
4807
4821
4825
4826
4845
4848
4850
4854
4858 4906
4859 4962
4865
4866
4867
4868
4869
4870 4989
4871 4938
4873
4876 4877 4888 4889
4878
4879
4880
4881
4883
4884
4885
4891
4893
4896 4899 4926 4933
4897
4900
4909
4910 4935
4912
4924 4930
4925 4970
4927
4928
4929
4940
4943
4945
4946
4947
4949
4956
4959
4963
4964 4965
4966
4968
4969
4971
4973
4974
4976 5009
4978
4979
4980 4986
4981
4982
4984
4987 4990
4988
4991
4992
4993
4994
4995
4996
4997
4999
5001
5003
5005
5006
5007
5008
5010
5012
5013
5014
5015
5016
5017
5018
5019
5020
5021
