1 2 5 8 18 23 28 48 49 54 55 62 64 66 79 91 94 98 99 100 108 110 111 124 126 129 137 141 142 144 150 170 172 173 174 175 177 179 180 181 187 215 217 219 224 229 235 250 253 254 257 263 276 277 290 294 300 303 306 318 328 332 333 334 338 341 356 357 366 367 372 373 376 381 385 392 394 401 402 409 415 416 418 430 431 432 441 443 444 445 449 450 452 462 463 473 478 480 484 487 495 497 513 514 516 517 518 522 533 546 547 550 552 558 571 585 586 587 591 592 597 609 618 621 625 626 641 651 657 661 676 678 689 703 712 727 734 735 737 738 740 742 744 748 759 760 764 766 770 772 777 779 800 801 802 803 804 811 813 828 837 838 841 843 857 863 864 865 867 868 872 880 899 900 902 904 905 910 913 915 933 934 946 949 965 976 977 979 980 985 986 997 1005 1006 1007 1009 1011 1015 1018 1028 1033 1035 1036 1041 1047 1048 1058 1073 1076 1085 1089 1103 1108 1109 1111 1112 1121 1141 1143 1146 1153 1154 1156 1165 1169 1176 1183 1206 1207 1217 1228 1235 1236 1237 1263 1265 1268 1281 1282 1283 1285 1286 1288 1302 1303 1308 1309 1311 1314 1317 1322 1330 1331 1333 1334 1335 1336 1338 1341 1342 1343 1351 1352 1354 1355 1356 1357 1358 1360 1361 1366 1367 1369 1374 1380 1387 1394 1405 1408 1421 1423 1427 1446 1447 1451 1454 1456 1458 1459 1465 1468 1469 1483 1485 1489 1491 1498 1499 1509 1516 1517 1520 1522 1526 1532 1538 1542 1544 1545 1547 1548 1554 1556 1572 1573 1574 1576 1579 1590 1597 1600 1601 1602 1603 1604 1605 1611 1620 1623 1644 1655 1658 1667 1682 1688 1690 1694 1703 1704 1708 1709 1710 1711 1717 1721 1725 1735 1738 1740 1741 1743 1746 1752 1754 1759 1769 1771 1772 1773 1774 1780 1782 1787 1801 1802 1805 1810 1811 1814 1819 1829 1830 1841 1842 1843 1849 1859 1867 1868 1871 1873 1881 1892 1894 1898 1899 1909 1921 1923 1924 1929 1932 1946 1957 1958 1959 1960 1967 1970 1973 1981 1997 1999 2000 2004 2009 2025 2030 2034 2042 2055 2058 2063 2087 2091 2111 2113 2126 2132 2144 2145 2151 2163 2178 2179 2181 2183 2212 2213 2215 2222 2229 2251 2252 2256 2258 2260 2266 2290 2291 2292 2293 2294 2298 2301 2321 2322 2325 2328 2330 2348 2350 2351 2352 2353 2356 2357 2358 2359 2366 2390 2391 2394 2395 2396 2397 2398 2432 2434 2438 2439 2440 2441 2462 2463 2468 2469 2470 2471 2472 2503 2529 2530 2532 2534 2535 2538 2553 2563 2567 2568 2573 2579 2580 2581 2590 2592 2594 2601 2603 2624 2634 2635 2639 2648 2664 2669 2670 2674 2693 2700 2701 2703 2705 2707 2732 2734 2737 2767 2768 2769 2784 2792 2795 2797 2820 2827 2846 2853 2855 2856 2857 2858 2864 2879 2881 2882 2883 2886 2902 2908 2909 2910 2915 2916 2918 2934 2941 2943 2948 2949 2958 2959 2961 2968 2970 2971 2972 2973 2975 2982 3010 3013 3017 3021 3033 3046 3048 3051 3055 3064 3090 3091 3092 3096 3107 3115 3121 3122 3123 3131 3134 3144 3150 3151 3152 3173 3174 3196 3208 3210 3213 3214 3215 3219 3232 3233 3238 3242 3244 3276 3287 3296 3306 3311 3392 3412 3436 3437 3461 3504 3514 3516 3521 3531 3542 3549 3555 3559 3562 3563 3564 3565 3568 3575 3577 3582 3583 3584 3585 3586 3587 3589 3593 3602 3613 3616 3618 3619 3620 3621 3623 3625 3633 3642 3661 3668 3670 3674 3678 3686 3697 3712 3717 3720 3721 3723 3724 3726 3735 3736 3738 3739 3740 3742 3746 3749 3753 3755 3758 3759 3765 3767 3768 3781 3784 3792 3805 3806 3812 3822 3823 3831 3838 3841 3848 3851 3861 3868 3879 3880 3884 3893 3894 3895 3913 3918 3923 3927 3928 3929 3932 3933 3935 3941 3943 3958 3966 3968 3979 3983 3987 3988 3996 3997 4021 4023 4024 4040 4043 4045 4047 4059 4065 4071 4084 4124 4137 4151 4154 4171 4192 4201 4207 4214 4215 4219 4229 4233 4244 4253 4254 4256 4261 4263 4266 4284 4290 4294 4302 4325 4334 4360 4411 4415 4424 4428 4444 4545 4564 4596 4617 4692
3 29 50 97 103 119 139 149 169 176 192 211 226 231 247 267 293 297 313 329 347 375 390 425 440 460 490 553 627 636 664 682 736 787 816 819 835 878 906 917 919 947 1016 1050 1124 1126 1127 1133 1159 1175 1189 1194 1211 1248 1319 1370 1400 1426 1467 1500 1503 1506 1521 1596 1599 1662 1701 1799 2068 2073 2190 2367 2541 2565 2593 2683 2730 2736 2749 2771 2801 2826 2830 2866 2907 2992 3026 3050 3098 3112 3130 3132 3155 3161 3175 3189 3193 3280 3289 3292 3314 3319 3321 3328 3332 3335 3337 3338 3339 3344 3348 3357 3366 3379 3383 3384 3385 3386 3387 3388 3389 3393 3395 3396 3397 3398 3401 3402 3416 3425 3426 3431 3432 3435 3483 3484 3489 3490 3492 3498 3499 3500 3501 3503 3529 3532 3534 3541 3543 3546 3548 3550 3551 3576 3592 3645 3647 3667 3693 3705 3718 3745 3748 3842
4 53 96 588 619 652 3320 3327
6 56 1147 1181
7 104 185 255 292 378 482 590 659 701 1372 2086 2403 2914 2944 2979 3052 3127 3874
10 2114
13 1051 1347 1396 1614 1715 1864 1897 2607 2673 2824 3154 3243
15 653 684 1365 2295 2575 2913
16 31 32 60 71 72 106 117 118 122 153 156 195 199 233 269 270 311 354 557 720 924 1091 1131 1161 1163 1190 1220 1222 1246 1273 1320 1345 1375 1474 1475 1478 1507 1508 1536 1880 1941 2299 2484 2512 2546 2585 2615 2646 2656 2680 2689 2718 2757 2785 2806 2862 2898 2925 3225 3247 4169 4236 4265 4281 4283 4286 4297
17 59 145 182 220 258 911 1836 2504 2742 3156 3180 3216 3826 3846 3859 3862 3883 3888
19 1533 1613 2120 2642 2682 2747 3731
20 2069
21 3185 3221 4115 4176 4179
22 2892
24 340 344 1122 2040
25 37 78 123 155 158 194 198 230 271 309 345 389 424 927 1026 1088 1094 1373 1403 1476 1534 1645 1722 1943 1971 2078 2099 2101 2127 2129 2158 2271 2336 2372 2411 2511 2548 2551 2583 2608 2611 2649 2650 2715 2752 2754 2954 2985 3029 3032 3109 3165 3251 4150 4272 4425
26 595
27 3245 3747
30 120 154 193 227 273 310 637 850 957 995 1024 1292 1559 1665 2232 2613 2721 2786 2807 2836 2867 2896 2986 3024 3068 3103 3162 3186 3270 3830 3845 3924 4099 4318 4337 4359 4367 4370 4377 4401 4465 4517
33 76 157 3865 3900
34 353 1817 2270 2307 3345 3454 4172
35 75 160 1910 2373 2926 3072 3106 3138 3197 3226 3248 3909 4033 4070
36 528 789 2376 2759 3867 3870 3926 4089
38 41 81 125 675 699 757 758 1000 1027 1063 1134 1136 1140 1723 1758 1786 1882 1883 1914 1948 1949 1985 1986 2050 2081 2133 2165 2244 2276 2381 2420 2516 2555 2622 2659 2692 2724 2763 3143 4316 4511 4519 4522 4523 4526 4528 4529 4530 4534 4554 4580 4585 4586 4615 4640 4648 4651 4667 4678 4698 4711 4721
40 161 501 638 826 888
42 128 204 238 319 396 434 466 1101 2520 2625 2929 2996 4467
43 1650
44 85 131 164 208 240 398
45 469 506 539 795 3081
58 298 335 410 1044 1080 1209 1425 1463 1501 1528 1549 1578 1632 1659 1712 1747 1775 2399 2599 2638 2675 2709 2738 2741 2778 2794 2800 2821 3008 3580 3608 3626 3644 3649 3651 3653 3658 3669 3672 3679
63 107 188
65 115 152 1900 1931 1969
68 563 1017 1055 1291 1612 1968 2921 3097 3102 3129 3741 3743 3764 4110
69 600 632 669 691 722 753 785 815 845 1056 1160 1435 1472 1504 1585 1586 2605 2616 2947 3022 3069 3101 3158 3192
70 116 232 268 2012 2043
73 633 849 953 988 989 991 1092 1129 1247 1641 1756 2097 2154 2302 2335 2450 2485 2586 2587 2610 2653 2655 2687 2716 2758 3790 3794 3795 3802 3803 3810 3818 3825 3949 4000 4072 4078 4083 4087 4090 4096 4097 4098 4100 4101 4102 4103 4107 4109 4111 4144 4164
74 1436 1875 1939 4232
80 2369
82 127 162 4308 4309 4312
83 320 359 397 435 611 858 929 1029 2051 2083 2106 2137 2138 2139 2169 2170 2204 2277 2282 2962 2997 3036 3080 3168 3206 3229 3256 3264 3312 3369 3374 3405 3486 3502 3892 4145 4170 4231 4270 4277 4292 4327 4397 4417 4448 4451 4459 4462 4466 4471 4481 4482 4495 4498 4501 4502 4504 4506 4508 4514 4525 4532 4537 4542 4547 4628 4635
84 130 1539 1565 3034 3255 4203 4234 4267 4271 4305 4339 4343
89 302 763 2528 3507
90 168 210 244 284 285 325 438 470 543 648 796 797 809 834 972 1032 1034 1069 1070 1105 1142 1299 1413 1450 1595 1736 1855 1888 1889 1919 1922 1954 1955 1994 2289 2320 2347 2631 2727 2728 2766 2905 2967 3172 3207 3547
92 3590
93 1234
95 1110 1495 1831 2254 2702 2817 2851 2852 3533 3605
101 252 1337 1359 1420 1422 1462 1496 1523 1524 1551 1575 1606 1657 1683 1742 1833 1861 1925 1956 2326 2570
102 1340 1362
105 1779
109 186 264 343 422 489
121 140 746 1531 1555 1839 2157 2193 2223 2235 2264 2268 2300 2337 2382 3066 3105 3164 3872
132 166 207 239 1487 1541 1593 1627 1652 1677 3481 3482 4737 4747 4759 4762 4766 4770 4787
133 165 1569 1625 1653 1676 1698 1731 1764 1795 1853 1886 1916 1951 1991 2019 2173 2317 2346 2387 3304 4391 4538 4539 4556 4560 4562 4572 4574 4583 4593 4595 4600 4621 4639 4650 4657 4679 4687 4700 4727
134 643 1298 4908
138 582 1233 1258 1259 1329 1858 2877 2906 2933 3209
143 225 245 286 289 555 616 1598 3241 3538 3828
146 331 374
148 221 301 382 481
151 1187
159 200 697 1406 1444 1482 2275 2310 2990 3142 3955 3969 3972 3980 3984 3991 3992 3994 3998 4002 4004 4007 4016 4017 4019 4032 4042 4296
163 730 3421 3422
171 260 544 706 862 982 1150 1186 1260 1525 1546 1552 1577 1634 1660 3433 3434
184 336 383 417 419 451 483 485 711 1218 1219 1240 1244 1368 1751 1816 1936 2246 2651 2891 3020 3159
189 2071 2098
190 191 423 782 817 847 875 920 2582 3223 3722
196 2922
201 228 275 505 537 577 613 646 667 990 1587 1588 1618 1908 1934 2045 2375 2761 2869 4240 4350 4606 4827
202 1167 1670 4419 4430
203 237 279 316 2241 2720 2755
212 1037 2142 2177 2211 2564
213 222 256 299 680 702 707 799 941 1045 1081 1118 1119 1149 1185 1212 1264 1364 1395 1494 1748 1928 1962 2442 2474 2600 2641 2679 2704 3005 3047 3057 3176 3629 3919
234 393 1510 1621 2621 4058
242 283 830 1992 4998 5002 5004
249 287 1284 1310 1332 1363 2776 2850 2859 2885 2888 3006 3359 3360 3371 3375 3407 3540 3603 3606 3637 3675 3680
259 2031 2061 2094 2116 2155
261 3367 3368 3694
265 2713 2748 2919 2945 2980 4001
266 308
272 668
274 350 458 459 491 492 527 567 568 670 1691 2160 2483 2547 2756 3194 3855 3873 3878 3889
278 358 395 575 607 640 673 698 960 996 1025 1062 1096 1100 1443 2082 2105 2166 2201 2274 2312 2341 2343 2416 2422 2459 2490 2522 2995 3946 3956 3970 3971 4006 4014 4076 4088 4125 4127 4133 4148 4156 4158 4178 4237 4245 4282 4364 4369 4404 4406
280 892 931 935 966 4533 4610
282 323 362 400 2024 2248 2287 2318 4636 4644 4662 4677 4887 4894 4902 4911 4921 4937 4939 4944
288 623 1412 1497 1800 1832 1865 1961 2005 2038 2572 3147 3177
291 330 368 405 442 475 515 548 584 620 654 705 1631
295 377 3240
296 1550 1608 1684
305 775 987 1010 1213 1685 1714 1749 1807 1835 1863 1930 2032 2062 2093 2147 2225 2363 2976 2978 3018 3056 3058 3060 3061 3094 3095 3126 3157 3181 3684 3689 3691
307 384 426 4152
312 348 379 412 1125 1158 1188 1215 1271 1906 1940 1976 2015 2033 2067 2092 2118 2146 2187 2219 2263 4012
314 529 566 956 2076 2957 2987 3025 3070 4269 4306 4354
322 360 399 436 1383 1410 1448 1486 1624 1648 2521 2694 2725 2764
324 4204 4248 4288
326 2848
337 387
339 1120 1152
342 4035
346 388 2798 2822 2860 2887 2912 2939 3476 3477 3478 3480 3652
351 429
352 4050
361 3204 4882 4892
369 370 403 474 511 545 2088
408 4091
411 446 479 519 554 589 624 741
413 660 687
420 456 488 559 594 631 663 690 716 749 781 818 846 3699
427 493 820 1753 1781 2654 2657 2688 2722 2751 2804 2834
428 569 724 2102 3920
433 2136 2240
454 486 1583 1838 1965 3160
455 1157 3708
457 1053
461 890 936 1059 1942 2519 2897 3027 3931
464 1788 1820 2415
465 2584
476 512 1301
498 531 1950 2278 2308 4061 4063 4105 4260
499 2047
500 532 574 604 4320 4321
504 535 576 610 790 1022 1325 1987 2410 2452 3136 3163 3191 3250 3930 3938 4062 4079 4119 4293 4295 4313 4319 4322 4341 4342
509 1202 1231 3639 3655
521 556 1530 3664
523 1346 1505 2074 3062
524 993 2303
526 1093 1535 1616 1664 2614 2787 3860
530 1789
534 889 930 964 1327 1484 1696 1729 1761 4226 4251
536 677 1381 1409 1850 2281 4781 4794
542 581
549 2059
551 3614 3630
560 1270
564 599
565 598
572 3075 3111
580 614 647 679 1513 3299 4755
593 628 3408 3409
596 1870
601 2039 2513 3108 3133 3936
603 639 672 1349 2955
605 1315
615 1416 1488
617 650 681 704 2324 2668
622 655 683 708 739 839 1424 1502 2027 3634
629 662 3695
635 671 692 715 751
649 1893
656 2505 2539 2577
665 1243 2446 2894
674 1984 2342 2457 2517 2623 3354 3471 4116 4191
685 776 1019 1052 1082 1113 1266 1267 1686 1777 1803 2393 2444 3014 3218 3372 3377 3399 3428 3472 3473 3485 3594 3604 3607 3609 3610 3611 3615 3624 3628
686 2066 2189 2224 2265 3772
688 1837 2946 2981
693 825 1877
694 723 1249 1563
695 718 1401 1437
696 725 1061 1195 1442 1724 2414 2871 2923 2956 3140 3353 3925 3951 3961 3962 3976 3978 3999 4008 4010 4018 4025 4036 4044 4049 4068
700 1293 1382 1763 2052 2875 2901 3035
714 783 814 874 1558
719 731 1065 1398 1449 1480 1927 1964 2194 2243 2344
721 2924 2953
726 756 791 1064 1226 2200 2456 2658 2691 4168 4174 4211
728 4536
729 761 794
732 762
733 765 798 3003
743 812 876 951 1023 1099
752 2233 2269
754 1402 1844 1878 2454 2482 3224
755 821
768 1083 2401 2500 2537 2637 2677 2708 2739 2802
769 2112
771 1392 2569
773 2676
774 1078 1582 2329 2364 2672 2796 2819
780 2750 2781 2950
786 2723
788 824 851 879 923 954 3298 3323 3326
792 2314
805 909 2571 3429 3474 3475
806 1963 2007 2037 2065 2095 2117 2148 2186 2218 2884 3662 3677 3696 3711 3713 3715 3716 3732 3734 3737 3750 3766 3769 3785 3786 3816 3820 3837 3844 3871
807 877 922
823 3288
827 853 2488 2993 4157
829 1229 1253 1277 1852 2140 2174 2560 2626 2661 2789 2812 2844 2876 4630
840 866 907 944 2392 3714
844 1434 1718 1720 1866 2150 2188 2368 2404 2643 2678 2712 3184 3220
848 2983 2984
852 1012 3167 3449
854 885 1884 1915
856 2518
859 1540 1567 1592 1626 1651 1674 1699 1732 1765
861 897 939 1680 2249 2288 2319
871 1933 2125 2331 2829
873 2760
881 1097 1224 1251 2808
882 925
883 1196 2379 2418 2455
884 1225 1295 2385 4259
886 928 4372
893 938 968 1825 2524 4689 4733 4753
894 969 1030 2316
895 2022 2175 2494 4895
908 2772 3569
912 945 974 1638 1663 1687 2255 2828 2863
914 3183
916 1966 2008 2476
918 1086 1087 1128 2803 2895
921 952 992 1014 1057 3788 3821
932 2135 2168 4456
948 2604
955 1617 1642
958 2870
959 1912 4332
963 999 1139 3295 4213 4221 4228 4258
970 1001
978 1262
998 1250 1537 1562 1589 1619 1643 1666 2104 2131 2197 2238 2305
1002 2428 2461 3043 4972 4983 4985
1003 1072 1145 1174 1630 1656 1706 1995
1008 1043 1074 1107 1182 1208 1744 2731
1013 1049 3370 3850 3858
1040 1075 1388 3445 3446
1042 1461 3007 3049 3087
1046 3520
1054 1689
1060 1901 1937 2920 2951
1066 2108
1079 1339 1393 1998
1090 2075
1095 1132 1223 1274 1757 1785 1847 1907 1945 2017 2618 3073 3139 3682 3756 3761 3770 3774 3775 3776 3782 3797 3800 3915 3922 4011 4015 4352 4409
1098 1192 1812 1944 1977 2016 2619
1102 2279
1114 2354
1115 1117
1116 1466
1130 1938 1975 2409 3067
1135 3318 3325 3331 3334 3336
1138 1168 1823 2489 3076
1148 1636 2400
1162 1511 2198 2273 2304 2306 2338 2339 2412 2487 2510 2552 2588 2609 2652 2685 2714 2745 4230 4310 4432
1164 2044
1166 1379 1564 1980 2046 3349 3350 3351 3423 3424
1171 1199 4355 4362 4375 4392 4418 4420 4426
1172 5011
1184 1210 2002
1193 1221
1198 1227 2013
1200 3403
1204 1857
1214 1241 1287 2445 3688 3692 3700 3710
1216 1904
1238 1239
1242 1269
1245 2100
1261 1304 2633 2698 3544
1300 2176
1313 3016
1321 2332 2413 3110
1323 1350 1378 1407
1324 1481 4112 4146
1371 1438 1473
1376 1440 2550
1384 3169
1385 1415 3004
1389 2911
1391 1429 1457 2790 2818 3536
1397 2938
1399 1431
1404 1441 1479 4227
1428 1470 2089 3690 3807
1460 2253
1464 1713 1745 2003 2036 2823
1492 2969
1529 3840
1553 1581
1560 2192 2234 2267
1561 2453
1566 1591
1584 1615 1640 2753 2783 2805 2833 3787 3804 3814 3817 3833 3839 3853 3875 3890 3910
1594 1794 2020 3117
1607 1609 1635 2578
1622 1947 1983 2018 2049 3876 3916 4055 4118 4160 4161 4175
1633 2029 3011
1637 3237 3539 3578 3673
1646 1672 1695 1792 1822 3253 3308
1669 1692 1726 1760 1790 1821
1671 2994 3078 4206 4208 4225
1673 3203 3267 3268
1678 3118
1693 1728
1697 1730 1762 1793
1716 3427
1719 3187
1734 3277
1750 1778
1755 2119
1783 1815 3591
1791 3355 3390 4183 4187 4194 4195 4202
1818 1848 2989 3031 4509
1824 4438
1834 2536 2597 3657
1840 1869
1845 2196
1846 2617
1851 2523 4458 4690 4702
1872 1903
1874 1911
1876 3864
1879 2237
1885 1913 2660 2991 3113
1902 1935 1972 2010 2443 2475 2506 2542
1905 1974 2230 2825
1990 2931 2964 2998 3000 3037 3038 3082 4694 4730
2006 2070 2096 2122 2153 2231 2405 2479 3128 3260 3361 3455 3456 3470
2014 2041
2021 2207 2286 2345 2492 2526 2559 4500 4510
2023 2054
2035 3773
2048 2161
2053 2085 2109 2171 2206 2315
2060 2090
2064 2115 2362
2077 2103
2080 2134 2202 2280 2313 2810 2841 2874 2900 2927 3417 3418 3419 4173
2084 2930
2107 2167 2203
2110 3041 3230 3258
2121 2746
2124 2152 3063
2128 2952
2130 2809
2141 2210 2632 2666 2697
2143 2184 2216 2262
2156 2780 2799 3989
2162 2272 2309 2377
2185 2217 2221 2257 2296 4335
2208 2285 4864 4875
2226 3019
2239 2311 2340 2378 2417 4117 4123 4126 4128 4129 4132 4134 4135 4136 4139 4142 4238 4323 4344 4371 4373 4374 4376 4378 4379 4380 4382 4383 4384 4385 4386 4388 4389 4390 4393 4396 4398 4402 4408 4707
2259 2261
2323 2355
2327 2361
2333 2370 2451 2481
2384 2843
2389 2437 2465 2498
2425 2486
2448 2480 4003
2473 2515
2477 2507 2543
2478 3702
2495 2527 2561 2591 2629 2662 4549 4552 4557 4559 4561 4563 4565 4566 4568 4569 4570 4571 4573 4575 4577 4578 4579 4581 4582 4584 4587 4588 4591 4592 4599 4601 4602 4603 4604 4609 4611 4612 4613 4614 4618 4620 4622 4624 4625 4627 4629 4631 4632 4633 4634 4638 4641 4642 4643 4645 4646 4647 4652 4653 4654 4655 4656 4665 4670 4675 4676 4710 4717 4718 4722
2497 2663 3271 3341 4898 4903 4915 4917 4919 4936 4942
2501 3239
2502 3410 3411 3450 3451 3452 3453 3491
2508 2544
2540 3640 3660 3676
2554 2589 2620 4009 4020 4028 4060
2557 2627 2788 2963 2999 3039 3116 3170 3171 3257 3315 3330 3448 3457 3458 3459 3460 3462 3463 3464 3465 3466 3467 3469
2574 2977
2576 2640 3687 3701
2595 2936
2602 2942 3015 3059 3093
2606 3698
2612 4217
2630 2814
2636 2667
2644 4056
2671 2710 2774 2791 2861
2684 2782
2690 2719 2762 3198 4086 4092 4108 4155 4159 4177 4181 4184 4186 4199 4405 4443 4450 4452 4460 4480 4492
2696 4046
2706 2775
2735 2770 2793 2816 3703
2839 2868
2840 2873 2928 2960 4431
2849 2889 2917 2940 3622
2865 4162
2893 3420 3921 3945 3977
2988 3030 3074
3002 3040 3042 3084 4904 4905 4941
3028 3071 4347
3065 3099
3137 4149
3141 3166 3199 3228
3227 4165
3249 4241
3262 4268 4274 4275 4280 4311 4314 4317 4326 4329 4333 4338 4356 4363 4368
3263 3313
3265 3316
3269 3317
3272 3302 5000
3273 4842 4855 4856 4890
3278 4967 4975
3294 4977
3310 3324
3329 3333
3346 4862 4872 4874
3352 4005
3362 3363
3364 3373 4836
3406 4693 4708
3415 3493 3494 3495 3496 3497
3438 3439 3440 3441 3442 3443
3444 3488
3506 3510 3515 3567 3638
3508 3513 3566 3581 3648
3512 3601
3517 3561 3595 3596 3600 3632
3519 3528
3524 3525
3579 3598
3627 3869 3881 3896
3646 3665
3681 3683
3728 3824 3912
3730 3733 3752
3757 3809
3762 3836
3763 3777 3843
3791 3815
3832 3852
3835 3887 3891 3897 3908 3954 4029 4189
3847 3866
3863 4022
3906 4064
3934 4461
3944 3948 3973
3947 3957
3953 4413 4455
3967 4030 4031
3993 4057 4069 4073 4077 4104
3995 4037
4048 4081
4075 4637
4113 4121 4122 4131
4120 4301 4490 4499
4138 4141 4147
4143 4163 4210 4249
4193 4200
4196 4276
4198 4649
4209 4212 4222 4224
4220 4243 4273 4285
4246 4289
4257 4262
4264 4291 4516 4597 4623 4659 4668 4684 4688 4691 4712 4714 4715 4728 4732 4760
4287 4300 4303 4307
4315 4324
4336 4340 4346
4357 4361
4366 4434
4387 4395
4407 4725 4740 4757 4767 4768 4773 4775 4778 4780 4783 4786 4788 4790 4792 4793 4796 4797 4798 4799 4800 4802 4803 4804 4805 4806 4808 4809 4810 4811 4812 4813 4814 4815 4816 4817 4818 4819 4820 4822 4823 4824 4828 4829 4830 4831 4832 4834 4835 4837 4838 4839 4841 4843 4847 4851 4852 4853 4860 4861 4863 4913 4914 4916 4918 4920 4922 4923 4931 4932 4934 4948 4951 4952 4953 4954 4955 4957 4958 4961
4414 4416 4421
4422 4464 4468 4473 4474 4485 4535 4540 4541 4548 4553 4567 4576 4673 4701
4423 4442
4445 4886 4950
4463 4469
4475 4476 4478
4493 4494 4496 4497 4512 4513 4515 4524
4558 4669
4605 4607 4671 4682 4697 4699 4703 4705 4706 4960
4658 4674 4683 4686 4704 4716
4720 4731
4726 4789 4795 4907
4735 4769 4771 4774 4776 4777 4785
4739 4749 4765
4742 4744 4746 4748 4750 4751 4752 4754 4756 4758 4761
4763 4764 4772 4833 4840 4844 4846 4849
4858 4906
4859 4962
4870 4989
4871 4938
4876 4877 4888 4889
4896 4899 4926 4933
4910 4935
4924 4930
4925 4970
4964 4965
4976 5009
4980 4986
4987 4990
